name: thesis
channels:
  - pytorch
  - defaults
dependencies:
  - backports=1.0=py36_0
  - backports.weakref=1.0rc1=py36_0
  - blas=1.0=mkl
  - bleach=1.5.0=py36_0
  - ca-certificates=2018.03.07=0
  - certifi=2018.4.16=py36_0
  - cffi=1.10.0=py36_0
  - cudatoolkit=8.0=3
  - cycler=0.10.0=py36h93f1223_0
  - dbus=1.13.2=h714fa37_1
  - expat=2.2.5=he0dffb1_0
  - fontconfig=2.12.6=h49f89f6_0
  - freetype=2.8=hab7d2ae_1
  - glib=2.56.1=h000015b_0
  - gst-plugins-base=1.14.0=hbbd80ab_1
  - gstreamer=1.14.0=hb453b48_1
  - html5lib=0.9999999=py36_0
  - icu=58.2=h9c2bf20_1
  - intel-openmp=2018.0.0=8
  - jbig=2.1=0
  - jpeg=9b=0
  - kiwisolver=1.0.1=py36h764f252_0
  - libedit=3.1.20170329=h6b74fdf_2
  - libffi=3.2.1=1
  - libgcc=5.2.0=0
  - libgcc-ng=7.2.0=hdf63c60_3
  - libgfortran-ng=7.2.0=hdf63c60_3
  - libpng=1.6.34=hb9fc6fc_0
  - libprotobuf=3.4.0=0
  - libstdcxx-ng=7.2.0=hdf63c60_3
  - libtiff=4.0.9=he85c1e1_1
  - libxcb=1.13=h1bed415_1
  - libxml2=2.9.8=hf84eae3_0
  - markdown=2.6.9=py36_0
  - matplotlib=2.2.2=py36h0e671d2_1
  - mkl=2018.0.2=1
  - mkl_fft=1.0.1=py36h3010b51_0
  - mkl_random=1.0.1=py36h629b387_0
  - ncurses=6.1=hf484d3e_0
  - ninja=1.8.2=py36h6bb024c_1
  - numpy=1.14.3=py36hcd700cb_1
  - numpy-base=1.14.3=py36h9be14a7_1
  - olefile=0.44=py36_0
  - openssl=1.0.2o=h20670df_0
  - pcre=8.42=h439df22_0
  - pillow=5.1.0=py36h3deb7b8_0
  - pip=10.0.1=py36_0
  - protobuf=3.4.0=py36_0
  - pycparser=2.18=py36_0
  - pyparsing=2.2.0=py36hee85983_1
  - pyqt=5.9.2=py36h751905a_0
  - python=3.6.5=hc3d631a_2
  - python-dateutil=2.7.3=py36_0
  - pytz=2018.4=py36_0
  - qt=5.9.5=h7e424d6_0
  - readline=7.0=ha6073c6_4
  - setuptools=36.4.0=py36_1
  - sip=4.19.8=py36hf484d3e_0
  - six=1.10.0=py36_0
  - sqlite=3.23.1=he433501_0
  - tensorflow=1.3.0=0
  - tensorflow-base=1.3.0=py36h5293eaa_1
  - tensorflow-tensorboard=0.1.5=py36_0
  - tk=8.6.7=hc745277_3
  - tornado=5.0.2=py36_0
  - werkzeug=0.12.2=py36_0
  - wheel=0.29.0=py36_0
  - xz=5.2.3=0
  - zlib=1.2.11=0
  - pytorch=0.4.0=py36_cuda8.0.61_cudnn7.1.2_1
  - torchvision=0.2.1=py36_1
  - pip:
    - chardet==3.0.4
    - idna==2.6
    - pyzmq==17.0.0
    - requests==2.18.4
    - scipy==1.1.0
    - tensorboardx==1.2
    - torch==0.4.0
    - torchfile==0.1.0
    - urllib3==1.22
    - visdom==0.1.8.1
    - websocket-client==0.47.0
prefix: /home/giannis/anaconda3/envs/thesis

